Количество элементов массива - 50000
Начало нового теста

4938,1961
0,543
6,6308
3,1375
13,5791
88,8615
------------------------
Начало нового теста

4879,1517
0,4622
7,4391
3,3492
15,5265
89,0339
------------------------
Начало нового теста

4828,1649
0,5268
7,4177
3,1516
15,2674
82,8926
------------------------
Начало нового теста

4834,8428
0,446
6,3046
4,5996
14,885
84,3945
------------------------
Начало нового теста

4848,0952
0,4827
5,6644
3,3372
17,4851
87,9156
------------------------
Начало нового теста

4812,0469
0,6346
6,5526
5,2496
16,9176
83,5991
------------------------
Начало нового теста

4850,0653
0,4614
8,2336
3,8469
16,8552
85,5491
------------------------
Начало нового теста

4868,9403
0,3947
6,1934
3,4428
18,1411
92,2313
------------------------
Начало нового теста

4816,6812
0,558
6,3067
3,6062
17,8362
89,748
------------------------
Начало нового теста

4886,6606
0,5452
6,751
4,0167
19,258
90,9839
------------------------
