Количество элементов массива - 100
Начало нового теста

0,0359
0,0017
0,0047
0,0128
0,0303
0,192
------------------------
Начало нового теста

0,0213
0,0021
0,0068
0,0072
0,0269
0,1997
------------------------
Начало нового теста

0,026
0,0017
0,0042
0,0068
0,0277
0,3968
------------------------
Начало нового теста

0,0337
0,0017
0,0047
0,0064
0,0316
0,2809
------------------------
Начало нового теста

0,0316
0,0017
0,0064
0,0183
0,0337
0,1736
------------------------
Начало нового теста

0,0342
0,1928
0,0068
0,0051
0,0239
0,1967
------------------------
Начало нового теста

0,0346
0,0055
0,0089
0,0068
0,0239
0,2172
------------------------
Начало нового теста

0,0213
0,0021
0,0081
0,0059
0,0307
0,1821
------------------------
Начало нового теста

0,0303
0,0017
0,0064
0,0111
0,0325
0,1915
------------------------
Начало нового теста

0,0342
0,0017
0,0068
0,0055
0,0239
0,2112
------------------------
