Количество элементов массива - 10000
Начало нового теста

198,4056
0,106
0,9626
0,5858
1,9636
15,2708
------------------------
Начало нового теста

196,991
0,0812
0,9647
0,5969
2,2741
15,0078
------------------------
Начало нового теста

196,1969
0,1287
0,9514
0,6606
2,08
13,9118
------------------------
Начало нового теста

210,5376
0,0688
1,4184
0,738
2,1561
15,5453
------------------------
Начало нового теста

207,2226
0,0761
1,025
0,5965
2,015
14,1204
------------------------
Начало нового теста

197,9207
0,1
1,4851
0,7462
2,3545
14,4963
------------------------
Начало нового теста

189,1512
0,1175
1,0361
0,5546
2,0274
16,5148
------------------------
Начало нового теста

191,9257
0,1026
0,898
0,5037
2,077
15,4594
------------------------
Начало нового теста

203,5501
0,103
1,1135
0,5974
4,1993
14,7999
------------------------
Начало нового теста

199,8925
0,112
1,0361
0,5204
2,0783
14,7841
------------------------
