Количество элементов массива - 1000
Начало нового теста

2,0261
0,0205
0,1197
0,0602
0,2493
1,9183
------------------------
Начало нового теста

1,9448
0,0111
0,065
0,0594
0,1988
1,3769
------------------------
Начало нового теста

3,2739
0,0183
0,0906
0,0573
0,1915
1,4223
------------------------
Начало нового теста

1,9435
0,0162
0,0671
0,0453
0,2202
1,9589
------------------------
Начало нового теста

1,8952
0,0106
0,0936
0,0641
0,2595
1,4813
------------------------
Начало нового теста

2,0774
0,0158
0,0654
0,0624
0,2557
1,4415
------------------------
Начало нового теста

2,1535
0,0115
0,0898
0,0581
0,2972
1,406
------------------------
Начало нового теста

2,3468
0,0188
0,0641
0,0444
0,2091
1,4223
------------------------
Начало нового теста

1,8683
0,0115
0,0812
0,0564
0,3091
1,4471
------------------------
Начало нового теста

2,5482
0,0124
0,0654
0,0419
0,2287
1,492
------------------------
