Количество элементов массива - 5000
Начало нового теста

47,2027
0,0504
0,5011
0,2458
1,1135
6,8678
------------------------
Начало нового теста

49,7133
0,0543
0,4207
0,3326
0,9779
13,7522
------------------------
Начало нового теста

55,308
0,0461
0,4981
0,3438
1,1114
7,1021
------------------------
Начало нового теста

46,6647
0,0585
0,5482
0,3485
1,5125
7,8201
------------------------
Начало нового теста

49,2724
0,0568
0,4776
0,2595
0,9437
6,94
------------------------
Начало нового теста

50,8577
0,0517
0,6534
0,3771
1,2174
9,7817
------------------------
Начало нового теста

63,0901
0,056
0,6671
0,3634
1,5668
8,9354
------------------------
Начало нового теста

48,7345
0,0491
0,5473
0,3096
0,9891
7,1586
------------------------
Начало нового теста

47,3545
0,0555
0,6752
0,3271
1,2897
8,0523
------------------------
Начало нового теста

59,3128
0,0538
0,5118
0,2458
1,2961
8,3726
------------------------
