Количество элементов массива - 500
Начало нового теста

0,6722
0,0051
0,0393
0,0286
0,1227
0,7077
------------------------
Начало нового теста

0,4862
0,0059
0,0508
0,1051
0,0893
0,7158
------------------------
Начало нового теста

0,5251
0,0059
0,047
0,0329
0,1223
0,7171
------------------------
Начало нового теста

0,7971
0,0098
0,032
0,029
0,0979
9,162
------------------------
Начало нового теста

0,7624
0,0089
0,0483
0,0196
0,1274
0,6949
------------------------
Начало нового теста

0,4789
0,0055
0,0389
0,0269
0,0906
0,75
------------------------
Начало нового теста

0,4819
0,0059
0,0307
0,0277
0,0992
0,7398
------------------------
Начало нового теста

0,5507
0,0076
0,0449
0,02
0,1295
0,7214
------------------------
Начало нового теста

0,5768
0,0051
0,0376
0,0222
0,1372
0,8086
------------------------
Начало нового теста

0,52
0,0132
0,0496
0,0312
0,0902
0,7124
------------------------
