Количество элементов массива - 100000
Начало нового теста

19362,2324
0,942
16,2218
8,7143
32,0088
171,8128
------------------------
Начало нового теста

19287,8822
0,9865
13,2793
7,0016
44,5873
170,8489
------------------------
Начало нового теста

19897,0624
0,8244
12,8589
6,6753
29,3194
173,4566
------------------------
Начало нового теста

19874,222
1,3077
16,6807
8,6065
35,6155
194,6484
------------------------
Начало нового теста

19285,4729
0,9031
13,2934
9,0342
39,5147
176,4787
------------------------
Начало нового теста

19235,2113
1,0113
15,2306
7,4724
33,0933
174,6933
------------------------
Начало нового теста

19227,6349
1,2375
14,9248
7,3476
34,0794
179,9622
------------------------
Начало нового теста

19189,7396
0,8304
16,6465
8,6104
34,0486
181,6638
------------------------
Начало нового теста

19255,163
1,0879
15,8066
8,1695
37,4714
173,8564
------------------------
Начало нового теста

19171,3419
1,4295
16,8137
6,4743
29,4041
173,5755
------------------------
