Количество элементов массива - 50000
Начало нового теста

5010,9341
3306,2875
21,0973
9,4472
20,31
79,4104
------------------------
Начало нового теста

4769,0449
3308,2085
21,6609
9,91
20,4738
79,0533
------------------------
Начало нового теста

4783,7303
3325,3686
21,6579
9,177
25,0743
80,7784
------------------------
Начало нового теста

4748,1695
3302,0078
20,0244
9,7359
25,2047
87,9609
------------------------
Начало нового теста

4755,5782
3398,1302
21,1362
8,9918
22,5761
81,1205
------------------------
Начало нового теста

4781,1332
3337,9838
21,0507
8,8041
20,8677
79,995
------------------------
Начало нового теста

4781,3466
3319,7097
24,497
9,4639
28,1712
85,7804
------------------------
Начало нового теста

5132,4093
3336,7368
20,3502
10,1469
24,5017
80,8053
------------------------
Начало нового теста

4774,1846
3317,0366
20,3519
8,8545
19,938
78,1104
------------------------
Начало нового теста

5091,7057
3330,4198
19,8666
8,8866
25,0444
78,2844
------------------------
