Количество элементов массива - 500
Начало нового теста

0,5448
0,5691
0,0957
0,0859
0,1329
0,7936
------------------------
Начало нового теста

0,5666
0,4101
0,0872
0,0701
0,1625
0,8343
------------------------
Начало нового теста

0,6577
0,5234
0,1017
0,0692
0,1967
0,8206
------------------------
Начало нового теста

0,6234
0,4378
0,0893
0,0632
0,1552
0,8022
------------------------
Начало нового теста

0,582
0,3728
0,1009
0,0739
0,1855
0,7829
------------------------
Начало нового теста

0,6333
0,4374
0,0949
0,0714
0,1894
0,8048
------------------------
Начало нового теста

0,5054
0,3451
0,1
0,0774
0,1873
0,8954
------------------------
Начало нового теста

0,5101
0,322
0,1026
0,0825
0,1637
0,895
------------------------
Начало нового теста

0,5071
0,3818
0,0919
0,0726
0,1483
0,7641
------------------------
Начало нового теста

0,6076
0,4738
0,085
0,0791
0,1441
0,7714
------------------------
