Количество элементов массива - 100
Начало нового теста

0,2993
0,3049
0,3673
0,4293
0,6482
1,0327
------------------------
Начало нового теста

0,0384
0,0295
0,0286
0,0158
0,029
0,218
------------------------
Начало нового теста

0,0346
0,0213
0,0136
0,0141
0,0419
0,2381
------------------------
Начало нового теста

0,0248
0,0286
0,0124
0,0158
0,0363
0,2099
------------------------
Начало нового теста

0,0363
0,0149
0,0166
0,0145
0,0372
0,183
------------------------
Начало нового теста

0,0312
0,0213
0,0119
0,0128
0,044
0,2843
------------------------
Начало нового теста

0,0389
0,0213
0,0158
0,0166
0,0372
0,1967
------------------------
Начало нового теста

0,0342
0,0153
0,0158
0,0145
0,05
0,2428
------------------------
Начало нового теста

0,0363
0,0213
0,0141
0,0119
0,0525
0,2048
------------------------
Начало нового теста

0,0329
0,02
0,0153
0,0166
0,0863
0,2206
------------------------
