Количество элементов массива - 1000
Начало нового теста

2,0265
1,3598
0,2232
0,1556
0,3168
1,3727
------------------------
Начало нового теста

2,0372
1,4163
0,2403
0,1394
0,3198
1,9542
------------------------
Начало нового теста

2,0171
1,2923
0,2185
0,1701
0,3374
1,394
------------------------
Начало нового теста

1,9936
1,8294
0,2121
0,1697
0,2724
1,3906
------------------------
Начало нового теста

2,0851
1,4894
0,2283
0,1535
0,3378
1,7118
------------------------
Начало нового теста

1,9363
1,3115
0,2741
0,1475
0,4028
1,4158
------------------------
Начало нового теста

2,1155
1,6352
0,1868
0,1693
0,2873
1,4616
------------------------
Начало нового теста

1,9607
1,2897
0,1979
0,1466
0,2608
1,3761
------------------------
Начало нового теста

2,1334
1,4612
0,2078
0,1582
0,254
1,4176
------------------------
Начало нового теста

2,0945
1,483
0,218
0,1864
0,3185
1,5484
------------------------
