Количество элементов массива - 100000
Начало нового теста

19308,8042
13705,2307
49,3631
20,4037
41,59
177,7825
------------------------
Начало нового теста

20605,1878
13306,7314
46,731
21,8042
45,0187
180,5215
------------------------
Начало нового теста

19327,792
13700,4788
49,7988
18,8697
48,7332
175,9553
------------------------
Начало нового теста

19254,7649
13299,3564
51,0189
19,8328
39,9372
180,7341
------------------------
Начало нового теста

19255,5628
13405,7001
52,3531
21,0066
39,0135
174,8592
------------------------
Начало нового теста

19329,4546
13644,7414
51,7771
19,1652
46,4372
181,1506
------------------------
Начало нового теста

19423,5941
13336,1813
50,1174
20,3318
45,688
182,4583
------------------------
Начало нового теста

20614,8053
13300,5055
51,3772
19,8469
39,2222
180,9992
------------------------
Начало нового теста

19329,16
13325,2365
51,3905
19,8918
47,8467
183,0775
------------------------
Начало нового теста

19298,6748
13331,6091
52,3788
21,8568
38,8617
181,373
------------------------
