Количество элементов массива - 5000
Начало нового теста

47,1625
32,6195
1,5104
0,836
1,5121
8,435
------------------------
Начало нового теста

47,0188
32,6084
1,2931
0,7513
1,415
7,4215
------------------------
Начало нового теста

47,1394
32,5575
1,3436
0,7971
1,6254
7,3223
------------------------
Начало нового теста

46,8712
32,6015
1,3718
0,8001
1,5788
7,6738
------------------------
Начало нового теста

47,1766
32,3184
1,2876
0,7705
1,4851
6,7656
------------------------
Начало нового теста

52,9753
34,9843
1,3406
0,7453
1,9692
7,082
------------------------
Начало нового теста

49,5594
33,142
1,35
0,7329
1,4877
7,5079
------------------------
Начало нового теста

52,3262
32,5104
1,297
0,741
1,6147
7,8988
------------------------
Начало нового теста

46,8122
32,5254
1,3487
0,7436
1,4903
7,1188
------------------------
Начало нового теста

46,6207
32,3231
1,2876
0,7975
1,483
7,0474
------------------------
