Количество элементов массива - 10000
Начало нового теста

204,0158
131,7742
3,0421
1,5908
3,1615
14,3668
------------------------
Начало нового теста

189,3026
128,242
2,9694
2,0633
3,1589
13,792
------------------------
Начало нового теста

196,007
129,1934
3,1858
1,5484
3,1683
15,5312
------------------------
Начало нового теста

185,6887
132,2793
3,0332
1,5437
3,0969
14,5087
------------------------
Начало нового теста

191,5182
154,4683
3,0122
1,551
4,0745
14,3343
------------------------
Начало нового теста

189,2008
128,1487
3,0041
1,5873
3,0558
14,8008
------------------------
Начало нового теста

199,1737
126,8329
3,0665
1,5916
3,1118
13,6928
------------------------
Начало нового теста

188,0642
129,3606
3,0297
1,5869
3,0883
15,5693
------------------------
Начало нового теста

187,1084
129,7404
3,0477
1,5578
3,1118
15,6984
------------------------
Начало нового теста

198,9081
129,7066
3,0845
1,6297
3,3522
15,2024
------------------------
